1166650108
925830278
158401504
154894167
421569501
387528565
2145882592
955682747
331619095
1537328846
74669722
358332393
308637246
1328473428
562817237
1877660901
495982173
1353345651
229158714
248855528
46925843
905390730
47489692
2085689918
1307815703
440079388
41031640
1460717775
1207418387
1475403545
179264956
226584847
253750176
337666460
381479014
675319677
725195026
379877958
1631002424
1056814121
1917206804
1705672147
1415146515
78360402
886661927
1977963752
1956021303
1382644100
1183825755
37696370
1631499628
1230751599
943087100
1678989320
1168957869
103419156
2119068708
1209989509
1564136931
1179003447
537909407
1743401887
1405588294
791659583
2081068347
1787067308
1466979260
658779725
19461618
950498036
1715593847
1936668422
508686535
983256714
2015028825
1395348462
813736818
1823566480
630508915
1997562573
1861262850
114524895
1080830524
656866303
1793514216
102304746
760285459
1765099276
1312294255
176938742
796619076
1850203662
1920340629
54723722
494379597
1853925328
1841791031
1961358857
365221406
1861252649
764373246
2080815253
1650437424
1273059781
916588319
1517982601
520924596
1730325137
1194065433
1151433511
1580404062
907844636
1265958406
513750939
1564710939
911988974
616055685
177512750
529604603
1928349940
354451492
1326223679
1631069955
127308473
1380947401
2125449552
1981233801
1075254784
1939324762
198971559
789023786
556214360
132303164
291977562
1829274141
1048891483
1809960163
202715089
631732972
856541948
1354148600
64653387
1764386584
472623359
578404326
1181613875
1384612333
1194460011
1359126625
1914216936
975326303
1713578117
1092956967
458912610
1840886590
326420721
436878515
1674636744
1401675505
228719629
1873608303
43215643
784933989
2005911468
335193205
466724482
907319303
2145153368
669439572
1539052276
854211669
2023588172
1603705663
471114605
348727883
34626341
1652728481
1733340217
1229086352
864371458
1500073505
56929007
430465928
445546825
515841618
123868870
771967546
952720133
1798505614
26159403
1181439762
1524630270
69375047
1966373751
1383058090
404568252
285614585
142893745
402237973
955054157
1681946021
1256449642
831158682
1138168036
1727564247
1179886565
1172794377
1232809080
765743134
254397081
2097180539
118332992
311326089
380162819
563879817
827167707
504031689
1335847363
1779887840
155053656
1362006766
813843954
1679683926
1431381813
632734057
915258368
1835950066
918348642
1058152113
90704391
1873402800
592614487
1347154033
557077834
1730782523
927234632
1736964399
756093253
12560065
355223886
1010490334
2109740604
473556878
1321816423
342419775
1037436695
1500482
846451464
225800410
1781388322
1001505120
1587807176
447748628
533705398
871705342
1080482685
1448963766
560171760
1998831328
359632232
650876151
1724750480
952246719
1998030184
134344666
535545594
777781168
1871309065
1291638847
790341233
79049303
154645534
752598189
552606181
1476461957
1095017964
1590042876
1477962440
1941469429
1815843286
1111867114
795490901
1256166815
1559615743
1329196300
2127872157
492614780
630676418
540560269
343962460
990308650
1191436420
2068712940
1942555369
1041982956
55573958
330617316
1819764124
1926883024
1622256163
462621710
2005932327
1776901697
1215219899
411054861
1105880007
162754216
2001097737
436358799
2104223645
1669457376
1548225913
752230898
778140543
960358008
2081427198
758529052
1452972789
564619969
1299089321
1796935249
1554928619
343042093
1718164542
1350000341
1385025049
1773738500
1680617657
1057305525
1553137876
1155390172
1519927235
1411586556
784808222
587663487
1822641417
1890688229
750417703
1676255506
179563380
707157700
1198229234
1727789293
1459388598
1976369777
540663654
1393332149
587415181
1993636443
1957952118
1886504502
1643088044
1365397089
82062947
1213768938
567913782
1467087996
840023791
101047791
376909874
245678019
1256437964
1896837109
1657264575
2041246186
337016948
1332422344
1784450767
1087434651
861194203
1964014147
1794592351
2059423437
1544319792
1106497302
1888309567
2084983446
352345803
328241100
1931136241
162814273
67261955
1426740638
1528211362
149324902
493025928
2096125145
1616412899
1333049719
49689288
1993322773
1578727739
1306127252
1742676234
1088508666
1199889790
2079693183
273447363
836856909
1019644186
1134641566
653387408
666752890
1046581355
50223553
1773250192
787407274
2135206999
2125595995
1115648375
1918859593
140926620
1182910330
1198116583
1669137982
1332235232
1691142511
1617779479
801164483
876708583
1667468768
647003608
307952674
826112372
242196195
1396461340
2026002163
174405730
1669908703
715375424
1194049916
657066621
1368762833
1860802806
1703647977
1418986386
1486569350
343571603
1406709737
1464681697
1459219978
1178085682
1605608317
494646660
228718617
1127262652
1826881893
1919861129
597558483
480562728
649086064
117543603
1127566337
957038738
943655976
1369762532
206016430
822174491
1544168262
1875925134
1537549915
590734530
385508107
758829100
304053689
2089156084
30331838
1790623039
285244040
1437041576
1107821089
1744464018
467643610
565945758
91627031
696362228
1693208410
1918508924
468739709
143283246
251588004
1117825773
260826849
1379154341
2074864511
1204482825
601433225
133397293
2026657316
2145601487
2009322427
1416723584
588852370
247346887
28069036
892906059
189019323
58400875
536045450
474263363
1495442451
1643866539
71243734
1963086061
62328650
162870765
511964641
1755537060
2081379689
980704350
1898820306
185484045
2098530123
12163508
1564638387
2025910986
1216646333
18587964
11824632
1095820002
16705804
2021147059
365059938
605558174
121010298
393128974
1498464233
310029622
451529849
2034509683
784292985
1946972300
1530892575
855536719
1762574714
1593221225
1018407484
127055707
1201274637
952303525
1107760058
952611296
1137787571
1058806533
964774804
554942310
937233872
33937489
573530274
949058504
1129757491
590236078
822721915
1494817429
1195794252
943732214
1887946404
546774837
1253761836
191992605
433800873
2038054821
2138964906
1964693448
746107893
1754055972
1410431025
1764515377
1881111679
464222014
569335255
841388089
1416833310
1707122826
1900194623
234124466
114581488
689944847
268061956
688111762
1639003351
1397819447
1278347841
314241618
745153229
326658445
1257973832
485615985
873433283
364252020
677608590
1307234156
254823194
669089848
1124443956
1000931087
275662172
387391333
617962816
9290204
851613347
1187298071
850678293
120963010
746937249
603389268
355087476
861518737
1293334115
623149432
1549630500
784853818
2020968880
680494693
1099095437
618638461
1007153138
209585621
1104254446
1880586421
573837642
1781863036
1040336929
828660836
303469237
17297237
1829591923
579131409
404688570
300071091
588421613
1256301918
1487369163
1439099907
1377264928
86822764
2042489175
1732352404
948341502
1188339643
208018189
350488354
1973193461
81503421
1030983047
924805250
700141882
2038136185
1134390872
1804396328
1771238959
1708228514
1438775716
664092240
389405702
1742244953
681389478
71513977
173892715
1086078048
371585068
762314328
194896318
1858954231
53930587
1572161246
1945776996
2096419763
1157030003
746634850
1137275758
1365048192
1097123204
962985571
1446551613
2128106251
1887790822
2146693495
2018758788
874698046
1803606175
1642514099
435442912
1094898243
159122692
824848614
689659549
840512170
896362591
863552264
1926590218
1267947659
1625866592
2121486537
979418243
1679797180
1546164135
777711591
1628733295
555710490
1524346441
618525405
1920758682
473985997
1581510976
1219826647
454608600
1321818150
1219036494
325883740
49032548
875159021
1968397840
484475460
1970057265
2127520532
1309324074
512233166
820549054
58203017
1375785430
599655624
1326150677
854168374
573658513
158085272
386481906
2119822649
935796863
2015215201
528049491
312659656
486256958
301324526
786645653
2067767935
1521151173
1241254253
1242102437
592704020
1567137993
1291134986
1467863041
1388052185
1775610446
1290436658
1368089069
937450873
1802669824
41154475
995653890
1030971606
640810100
174320919
1885139981
1214468613
332406191
124138239
1186807614
1268203054
2139353441
1714857106
1580862710
478126751
2016181632
220024715
398411038
1389849157
1461278968
1640513476
1982553177
880933314
784164814
1302932571
121501851
412291612
445885581
1489590921
1349742485
101071758
1530745396
197912728
1132043364
24071848
372233647
869699697
1238540462
704639839
993837937
277864428
1972842893
985707730
1992721534
1406221956
1463834481
1861419518
1626246671
1862245520
1103785028
940041992
1355275348
938854557
1820975306
2139440162
94303480
1942477157
404248126
540189062
1284584430
1753990612
641260820
667846179
1951903340
1773304184
691918027
176653339
495520234
1930458489
881293178
1489358171
60839270
706652424
327582253
2053560804
2112874380
1791416734
1767496675
1591637403
1506178606
723798055
384195747
713970306
1662652612
57687405
705926820
1756956093
2000164563
1110174947
149661507
1137265345
716681911
790922327
1805111524
521101603
416742863
349545904
697754942
912263097
132520745
1579048121
254137620
193360015
138216897
581719873
99437172
103607629
225652960
1866933847
1695245032
1731831566
443248254
2079440780
298318225
2105900866
2137128185
1004245045
1715373311
1989809100
2114419992
1865034818
979590798
683618255
508473497
637218674
1204719858
925216361
986764578
1902474801
1837479458
1119285324
1334039274
2091617079
1312645339
1472256171
525853304
1412082511
1575863800
751506264
1131532710
1123625184
335854183
1574780964
1055582316
634172408
1533198183
1045226854
1638417453
1101087846
887552306
1605353798
818639017
1867143104
141488405
1327112514
356878131
1346208264
104845227
1343642709
1101199417
1942324686
315444385
287755043
1886458117
1628089725
1760011214
264827773
892688588
1188391366
1016334038
2024221299
164532902
1352188221
1451518615
1220115219
1986360629
837233150
117858425
1477294434
1938320997
1005410731
935164584
609476366
725070188
1076652990
1936588880
1081948319
275377606
2041434108
278107380
1376577023
1836275146
593551766
1664332066
1575249615
74157843
1276859632
1840077388
966846431
317767350
708927778
843584082
482300252
2061115999
147619050
1702415471
1899992980
984852200
1820273896
1229803767
775689549
678200980
17484703
1385165915
1403271168
1094137693
1174271148
337735839
1369515299
1068221608
615843219
598608674
757013106
1209394985
115457092
184779073
1283552828
1392316724
2024856461
102915612
1710084074
586300592
946499694
44900679
499932943
1094118744
1747316150
252442276
2078970945
1420106399
1482246043
707176846
2098307379
1499730746
2092342762
1354094899
446384792
1119130262
1691830738
1815900091
39868222
160190309
267025118
796881328
1369585295
382482210
981660401
505654475
1774798935
859033214
608570087
1337399361
1445333806
1555069782
1382300040
1945266750
501704878
982132543
50225378
433192175
254755294
1532471421
1140369022
205579025
884718519
1085228136
1559673924
1331103311
56874750
1104021014
999519755
96742972
1264211323
1266544873
893624300
486312970
1649027083
1875284701
991967446
1276342370
586834267
1600537533
466258084
2032168074
1008123667
1848558124
1829951176
1509828546
683207019
1880176554
1943020721
937962313
1265164327
935906095
1143541338
2399198
2021134231
555731614
1333502510
2078008981
1659752628
185538617
27268305
776480304
1452083490
920892605
1262793274
953626925
648693658
107277072
82485648
1235527926
1707814606
548743732
1120212352
568454625
249818208
802679880
2078283171
933025228
535372786
1873820245
1870987541
1800537113
662242692
867045232
1802936311
535893276
1422776846
988955173
466418609
935045827
1174493790
493686915
1711526131
479093632
1414579520
826835757
1432720558
2063273179
934112830
1515206206
1151317457
494443788
2063949938
124046161
1062898413
166284498
926726041
993697937
1099309726
1462098827
720034534
822813620
1115152292
1382277226
1689858852
770604955
1918170502
965152050
1759560129
237105464
1900197877
786570271
730792379
1464240360
1265663904
2145371899
143592470
550900814
2061161430
1077705300
2066107020
1064995239
1572149088
1982573310
1189041400
487563853
1374160
2115767441
1481261790
1100683887
1430382620
53812676
1923497507
398051264
1436089903
1465872711
1168656220
1206776757
283541113
780732701
1443882221
36255343
1567302972
27190952
1500495703
685483228
25079204
1644088173
1236384042
2086240634
574309825
1155007414
1003752226
2146458913
990097076
45309978
486539119
991471237
13593772
1967800909
2092155124
1443976392
2021613586
1868168983
1842027657
1310219841
1186558046
863200229
369512950
1470099159
1643932930
1813395172
1506354502
1063752254
1840586124
859366558
1749235483
1865665328
355971083
838135877
1804422315
930280909
1993143292
660690893
929256174
835756720
706000871
1415795293
1827227957
719594643
1236112555
1771899433
16087388
1110242493
1492584768
1858115045
272978686
531659166
573831626
642491636
2001758326
70280908
308403160
1360629180
1134033162
1505637
72512090
735784997
1867170965
428483174
1573920875
1524109632
1358764083
1419580519
37316877
140536609
107853591
743317749
1556331903
1935081549
1462912392
644960810
1559497334
1478999780
1755203303
904598455
1189631177
2028181989
1436257621
1763462803
523189977
1290532299
1833743711
831593138
503677832
820293226
833098775
576189922
1556078223
552786092
1004673096
982515450
2076895725
215953531
254612321
2114212602
356490141
362465913
710046703
1912822044
150063814
25475448
410299206
1709561148
1504475228
18018861
466675955
546622758
2046200850
1902933577
162601913
421907179
1045982228
1996345625
1253500317
1549660060
669155203
2086599092
2125849983
77749778
491901537
983039431
1060265229
421313614
1198992963
1314877550
388042568
1555483104
1677343463
1098089272
1320821500
1827407277
1123564720
1731120706
1389484778
480556300
1749139567
1856160733
1027179058
1647856769
1611610662
1189780972
2069763948
510109243
1038642949
1175780618
2059769303
1707798152
1114896062
2038135638
1785547930
1606797599
873691422
698329511
2028111213
2072684385
2013207062
268670134
1480683841
1543066877
1366759406
654021693
1222990507
342840478
237658751
464991637
823396778
1986798318
173668722
1850575837
1487171439
1785279385
892873161
1409451739
147904980
1931516110
437748709
60190635
1491830614
1552644772
2098326274
1129894896
1011958723
824534048
1828224408
892586289
749734785
1693947822
1161256423
82934978
1089531051
380532181
736956671
165037910
723372659
974615422
630029547
1546769437
813930092
803698270
1249861626
153617883
441494007
2142734787
1563069622
589398987
1926767249
2000818332
649589622
1271114215
1405979456
600432248
253525464
270454531
1424966296
2081749872
1163040820
27217433
1628214046
176813595
110152411
570261449
557345776
847109082
735299360
1280718435
1821724504
1365328907
680004225
488170948
21543529
1929865851
641788831
463037536
1925116991
57374806
1052436523
1704400592
2058193138
1702026146
828031160
1316688946
154974746
1081556624
1587143477
1579941043
1015822848
602700650
1607158476
496553246
779514245
1717310888
1066814695
1336860022
416936322
1802114055
470094809
91177179
1019959315
1150099034
579348127
1041502844
932481238
1221136959
1504540381
710114581
1278511765
409493256
267031525
1189221255
2111519402
1095062685
358426553
119010501
29135661
1945570030
1698951544
1044958509
400787032
1158626372
1541511755
1180301278
728453612
460842803
369677652
1145389935
115473210
839772461
1236567114
1135432525
1989871496
1815915241
29451722
774869086
889568552
1533992103
1484983667
20596669
1943485359
1752015192
1209817924
1907521114
699594230
1568244477
2026531615
728729891
1366330860
1577999511
1773688401
1767117892
589142235
1167716508
799935522
1317595848
1628559311
1169613174
315502135
1744032522
2009385636
1552069249
731981399
1851773484
1220500842
761433121
479158922
2110069395
147941576
1964142589
2130666064
2091426936
1568674133
1193000341
1851464402
120784715
613761170
1730512369
849514607
1980092030
1161028232
475719360
1599726275
1750170467
1643435868
252178149
920282667
1124511532
1421791324
1235784802
721060406
1283693312
640370403
1453041805
987983148
1860871246
66991279
1467142070
1823456993
214932855
1283801011
1806639409
158876143
704991496
852156102
2010340545
825776212
1465917273
1593369266
1675290819
1298525655
606913850
3526531
750768282
209600670
1646962399
1002946432
1129883337
623990283
277254108
218184492
1345050689
1560947420
858554895
650608847
401446920
571942493
717600126
1868588990
247915838
932532981
1004906353
2054555248
1091409125
1709897849
759227702
954266022
388190413
77661327
400151641
2063481232
1376186983
1007065491
2067007763
2126955265
1216666161
1566486515
982418049
199065851
42993150
1259672157
417250343
1388043840
673135929
1275805238
2038652687
1074582849
1847747732
608769165
795688191
2095663570
1541302146
1800594544
2002735170
485227623
1363008746
614479225
1439493646
1751199159
692140552
1839645287
1667196744
2068327535
699227130
1586720859
2047799153
1915893292
1005723726
882733554
2114959143
1048716877
2142405712
384725838
289277069
668057993
1660531076
180446108
1742640843
1360795160
789215273
390845386
1308975083
183033771
43956283
1164226605
668261395
1406965029
1778705830
2107755041
1010680540
323362735
1799916680
530393636
244206622
351660162
2117114496
144522127
120069806
975354574
1027255682
87545301
2024071451
1022177746
472271139
165864872
1690235739
2132802216
346310980
1285392934
1346113728
1135526253
1676238321
507605163
1318560025
1720194604
1671831769
1986821420
979675985
1303053951
1947092813
1990356525
1626416686
1599525845
373266514
1870623309
1951186007
342897362
2015145436
2071255814
1318251936
894917470
11317467
1194839740
1917095216
483588607
1360704612
1459847308
468907175
1707015593
597756594
1815020903
695058198
126511267
175142419
2013618223
1846705871
1846974188
1852955995
678898208
1002544491
1652565160
521771086
481477530
1104607357
895037600
204617191
908309717
1237934962
72278979
832081883
408703250
967196450
843399350
1603542990
736808018
1326987957
816763955
49171678
1795895132
376295900
646928273
1463432388
1071354098
773439540
1638574807
937488674
472661764
1338065347
642961021
1151559972
193126190
148042534
1673331058
674603720
1252649891
420885010
879220911
13475960
1658819972
951499891
845557843
2067523223
1918696341
1688957194
1523582565
508020711
868461503
192862872
557192390
516872988
569158772
1204120663
1980305376
1640512871
1977560203
1471396535
430517897
302738319
661978234
1073478918
1454298292
855104424
1221521452
980145702
1529708145
326687696
1401030713
261445408
340163656
912367037
1212945299
1185721500
832406612
984157992
727195046
208505530
1492178704
1595656549
401368402
2049371094
2112529537
970527175
1106008109
1945351265
463556398
936084664
1269264152
894074295
1238822984
1931242386
1967553213
545637628
638863163
1041591018
1525783330
21087660
1368278714
779330395
282533068
1708442370
1691697433
1495478368
746680222
376620397
332152712
1473875268
585125927
1824331416
922048170
986494330
1726218862
887094059
1957021505
684743323
684961677
273094255
1620827988
1954225829
1167168550
712167324
1737984568
987238115
1257804952
229364083
2028829133
636104634
250451743
1249624199
1415435030
532984811
810582922
959648815
2028463179
1557263144
1336269212
213132244
883654765
1921395140
2037463660
1805702935
760405822
1616198875
545313346
569943679
153458550
1230275023
843037934
1774286538
1037017205
2010206484
338970214
627518125
849960951
1596775166
856882208
731306437
85396153
1107333951
1980930636
1500831183
1640318762
644029910
312996350
1521298294
53809407
1649265562
1734430538
937464172
1423177054
1624410550
595683459
36099228
1093125777
1140996805
606042907
1246584328
223788181
1449080841
873387218
1260805386
1311803677
1212357433
1888323511
14280981
661648951
597722071
745587418
747045104
1705056022
579034406
100392639
1197891136
1223064317
413388989
571705782
1276873724
2062654552
158652672
66854248
1338347958
1783063223
662537707
1374447187
728705352
1803534512
1980490094
1975289680
2027322693
1282087288
701193251
1140644431
446407317
1913550684
881484294
460688298
427715987
1479206365
1206275716
1174761092
1036778739
1785310123
1275153731
87186228
860890792
1688542721
658892010
2137764516
1603713625
817544683
57135116
794577935
453124258
719672823
21541474
1181829610
375723687
2002031569
1009635643
255562733
1136635209
1710828894
1396207164
1583042526
1476895930
130207811
2043730825
1904611917
1609414176
1102522893
931889361
498709268
740349368
59559445
585895496
1601240160
1748102166
1244787506
1591521028
1204332143
2062332189
1648656144
1998910078
367972799
220845319
2020451553
1549802410
596569007
1874999474
411954405
852131740
864151035
2122783299
100855256
299709913
1452195581
231063067
195957090
1209323850
1840477244
1298479984
2141213212
191702864
2038829352
53289009
777598360
1492585865
1801391175
2022385866
936623245
858239670
1937234408
437795742
709666100
157723559
658641061
582634005
1707525969
1255210068
310149831
2119480374
2107341808
1174300866
2094780025
60713417
1474010780
1399491958
291776484
1669967870
461332161
2132253728
820964206
455061725
176472944
712309911
508350734
954071304
57412128
162258261
828973523
994035373
1020497931
618724283
1431831115
1730164031
776447842
2090472177
165314389
336490164
1198198597
475464220
308486890
1158056758
1649765087
255783268
1218770175
976292219
1655275226
1510546659
498776441
2116607387
1495316740
1319740648
424185464
1671789684
2032050559
932536198
478377341
2089462687
1094794459
1307350864
936014412
2115292390
1926075147
220361880
1697972774
555039341
163350409
1863287163
891529505
1361549006
191267735
1200016396
372122116
1841032822
1455799664
1590892291
669841393
963591242
953955303
1168617835
932714982
301788395
340874835
1356900446
1973578079
225441746
141952997
304471772
167420785
1236747456
1611822636
1103435197
1204556199
1390414135
1323797077
755045325
1945453477
1487147486
470848840
689499334
701212845
662116575
1889515730
1073334961
355665750
1197831746
516743605
1025507143
13939341
1470698908
46641330
946654323
1772487303
387516165
156071121
1598581734
612957911
298024118
1903053507
780378696
1534771575
1367392495
1883813894
591844126
610322983
1060127323
1346889451
408292812
399791162
1817738291
1097792146
1101004007
332371218
839824229
26855320
688036968
2037655975
543598925
1713544112
2051595316
2014297833
1760185442
850765991
1639301488
217960
1006837113
1090399575
613175871
1304861231
845969434
1393554568
692149158
65878281
1129884814
1283993284
676201264
42528489
483399087
1084494076
442319651
153653730
34802575
1543323658
486024949
874626804
1570178979
1174061917
764799131
2113777904
740122381
668910800
1980592090
352824176
1519676791
1472409930
353042136
379030256
415325857
966218007
1683891488
1261295291
212288927
228556998
1327173573
1342173741
1512550283
2003374837
1384702231
1995949370
940385266
1827021882
2119453
975187841
1222861893
488144402
1849814645
645557224
1662206319
467130128
611851480
254845053
1136040928
444959922
607669229
508234072
1917369853
960711365
887264328
185212062
1926929372
423672168
1446507354
2139218300
652229167
626197279
1333908393
17295802
482088468
571126976
2013245172
1422473734
250665211
2015364625
250177927
1473527104
356025379
2099992572
2119084328
2018231699
419639053
583452160
125593104
1555679981
1028412083
733262333
2063914053
798298288
1693973698
803694734
983510350
1473419422
1227366902
282534056
1465154074
1879596069
908731335
651578820
1896891871
1390819804
1222705796
1762653396
665809890
1473371007
1630534373
915987818
799414463
1986559753
868496742
771015143
1857307804
1288135795
1354467304
1982900908
696332129
235395739
568679593
612762534
1033694027
115169643
1416457268
2017204377
1588589065
496340523
152254786
906259492
228452944
1060986121
1557838312
2125344816
304322277
633060460
1740514564
970132168
2106431468
1223565289
1886119986
758362283
1062641394
607133080
1529377427
772465550
1895268876
736361083
607882810
444117357
971756822
1176562403
1056879891
2005450849
1291732046
325853512
1875171578
732837464
822194035
2027426364
1639096956
1050646979
940928838
1049451620
1028508147
1245251115
1682512080
621539063
67899635
1641459900
1845104353
1954019621
252338536
760262099
413669054
1781715963
1532727650
161454282
370593398
2140610460
605571639
1342350220
1169689216
1662451530
1200317421
313937614
1988305042
928005351
1046775078
663015429
807948068
538388386
1713662409
1748876906
1587840006
594686908
846644373
1122868439
1216225972
914544009
616844691
913846677
721079982
869183227
1674108776
1134749036
503415542
1059352778
1296203318
874008940
1052479591
1901774957
68875512
74685159
1416742840
1269192933
388622773
1257564234
49714637
1435397852
1920579664
857662705
1973786238
1486758425
459055963
1414142597
2081445333
1305700336
389527388
1150187657
72760697
1006372079
2064034334
793840680
1875555307
1590659463
1928589716
231487201
502528593
1077309387
1105496142
1555008184
831600696
1174371654
1629693343
100859888
296080940
2018316117
1358424123
345795577
1306230321
1131520139
1203458282
1132532911
470794916
1662514245
399191860
404756601
820730933
788719248
1554944259
893491631
1795091328
1471494945
1687332311
1523162987
914670760
1468438379
1754650188
1417199354
398264118
712662682
824723890
1229864815
1887034337
306933586
1330724703
35631629
177766055
541665178
381427206
1483996376
1673185317
1584885488
469045639
2143980233
1099916085
868237500
401253187
1920647018
1656956748
1956197446
666655001
1304564428
1280208743
206503664
680243767
47395856
1674942044
287410308
1464595210
2073206162
1000072990
141835452
1155587329
739623679
448769038
338828385
775255308
626535093
880493563
1156682514
2110531469
406195233
594084354
432093461
402691818
1694000439
1300330961
803945005
1467163810
809804061
612658803
2133818811
2114368490
1892867547
192838828
647128609
1940263403
1867780872
934538917
1257374965
1793503386
1934611908
1399210417
801607068
526751939
1847979456
1140435453
1302007248
327030901
2020929016
311206114
290078723
279640601
905290469
722172184
682332420
451807260
2022503145
1486277425
1918971070
684823558
2098936229
1905306234
651708400
1844320128
2098145062
1298837010
1637099883
1818442286
85892279
746991200
1464462024
2020504187
2146201617
118585444
399772479
1846697425
1259020897
1701779727
26244679
1132466266
2012985841
316323402
1412106867
770792662
1038495586
2094439287
1222599923
913515083
1433233065
994087345
1598338641
1384685646
751909931
102563394
1081522126
702571345
1401400404
571138361
373529983
1487292683
1318129561
1837992008
1360313223
1316847530
1956577452
1760085702
1016061308
1068114702
1314381781
1042305987
53097320
1179883974
1358629389
1465204187
1950676637
249641327
1412159827
1025792912
1163156410
697909244
2019880257
614011403
2082594890
624306541
716574797
1016633368
1326877886
2117975201
1587771729
1700407870
1457784237
758417642
1390916230
670613812
2075265172
1200010034
283215866
943842832
120641088
1597597647
1986148819
173738408
629997973
1197294560
1638942596
433190962
1446935887
903618775
1458983874
462608649
1601528019
1331380484
1076620053
1536639261
1955687025
1793194850
405788981
1135081263
1763686404
1993560710
688005485
1073986993
604494704
2078921715
1744600805
532276228
1131448102
2027816671
1476119061
1252089190
1477930670
1314784232
1425827599
2107928643
364595145
917286547
393635958
1811531032
1820905322
1852619832
126656034
1274949693
1036516668
1203276087
664105306
844720045
848987289
1069894287
1979801309
465190045
915971349
520323146
1539177038
1520466053
451761214
1136294195
2052742281
1583209316
1016627218
1381377694
687814858
347074240
548678279
2113642457
307519236
913273424
883445356
701155194
577320808
556867030
406291378
703976842
1831816723
1442808047
1907252929
348438381
140044444
608756571
1418332668
2119845753
1073946616
186820369
492685252
465640007
1707286422
944446466
1601934202
1612545056
380172134
471077773
846439102
1067986992
818152013
1395117381
1034145802
1125671249
160907157
1917591158
1826826443
738227966
326974541
85634174
1442204808
11307616
1528442221
1201974090
359745998
1668486665
1810730661
1778078666
1640848771
737193629
1964899036
2133534023
1202833636
1524701810
930496841
657284191
989763218
1310668975
1128361964
1836202321
231172319
1946513977
1083836054
1265318121
924701579
1244743212
1035425632
604044374
1982971178
1362400173
689678548
1277692338
1373707789
70637121
332182780
1733453787
1739123787
2142913441
1364048806
1232488910
732623423
1181464194
1218539285
1935457059
558682356
1552478
445257602
1548445575
1312221453
1573619566
1237164248
1543393772
1372649896
173516654
661228246
149867827
1418259866
1696653878
753912201
1253747396
911570403
1443590750
383956087
137794544
1514227871
716138867
1871248332
1105868010
711568661
1087813490
190873272
1444192084
121794036
1409412557
1232165495
680476392
1410965035
1677423098
81438319
575702840
1103559016
1318602567
2119096613
328725264
1492119222
632841211
478593091
762895440
182011441
1232505293
2016642837
1093581844
528612395
253115276
1231376388
2042840266
969254143
955141072
1001224629
1680822804
2042954562
1192097901
977531240
17264950
454026811
62213088
697741343
1864991846
1739636186
779179662
293211039
695711554
2097782230
264824004
1024436819
1442417804
897665215
1503029910
57829596
1079676656
588051555
2074472433
25774852
1116663950
180104061
1257151240
1012020569
1149358205
64808665
2013245198
682697361
2107763227
1057859451
1660228602
2125028178
1511886262
1722441690
675285873
1229394461
1314594228
1454465535
1522605500
2010305782
1404764117
1787429504
887258953
699698273
537611071
242805216
757527870
1617287727
830856771
684516655
1643062579
1947520722
864620717
752730171
812057643
2013978922
817538836
677819193
549192635
777818416
1735678644
61937589
755362946
1100081259
1784379279
1430648819
181992072
951489859
737630706
1704597572
814311994
2142394824
1344543428
1701570947
694609449
1882154499
1944376163
1452137319
1351958578
627749287
2136653975
847537509
427786361
853791044
1600267680
1239844004
720286318
270322869
1917663197
1269478953
1048141285
1505858193
1331416543
1803504231
458455804
968312174
1086669402
640447876
1919802034
1824300108
197561800
586630380
1819211284
1542105228
140717679
366337086
1276776079
2085093843
1818474405
481251009
565359482
1807644732
1328788518
993145843
513952128
781572551
85506199
1234238446
1051895420
2003169396
356233752
2100036705
1361543941
1687650295
1756057288
1819999746
508478821
695243042
312963974
280797207
372059502
510525775
867427587
43787139
2052631003
1008145267
410124225
1181923435
945755462
81114982
1663174444
1511114944
1888759715
844479315
356777139
255228195
1626051866
442283338
1489466642
530463638
297969086
1845700394
483016695
1659513027
1385867041
91590335
1332029125
1894345862
786833377
1644993100
27659422
1158892879
8035227
895087009
1202680018
2060666230
1903232276
1612804243
1095106017
701504090
1693919226
610796814
65135386
1435195293
1455276129
421912525
1690423488
933844347
864195863
1032406482
1464307985
1162164949
730623228
1947324680
674194329
2116490269
2038915015
2006223454
1863352484
678264744
1503732906
1891011906
1837157623
1511768133
638615267
892353994
1424950716
394363896
357674589
372573085
1095867986
2051593815
983369899
1161003373
1339305460
291162380
1582915898
882245301
1225006727
299628114
1914651783
541831064
1461793063
497791364
341672096
2135987392
466797985
233103463
1994727199
182666821
911368207
1350976457
2073678727
601042183
715260943
564810347
1493396177
2140211659
959174243
1851070766
365301096
2055042229
1755180934
1348670996
1068561954
947002746
1639833376
503994205
1829248047
717356456
803622319
1596416183
1259187520
117931734
2094207547
1600859617
106435479
413521884
1833963080
2101162678
596188706
597847640
1304655487
522383785
1198889823
2019916430
1087194132
544802352
2012644441
2046368375
248389470
230461890
1953926957
2003570404
1579132886
875005263
803089503
1071482614
1378999468
484853902
1788839070
35138139
2081270085
900542943
153069874
2027993984
353918912
259505353
294032221
40398344
213184383
890220927
638245984
1517839870
1412604712
1837135807
1390272653
352315197
234454511
1255433446
251199924
482843982
1485895336
57643233
338930738
917544574
932648497
1142020241
1989027189
164164317
1626874144
1630382611
199302457
1560660581
383441906
352372331
1441170918
737360818
611877684
1735203139
777759163
825062067
477940418
1416005147
195418289
1890545130
1105657307
1585690942
95376679
1340111818
693640741
346576604
1822955800
32052429
404219837
14402891
949597004
1336868334
1156423132
791140545
1501032652
635813628
274039508
1700335109
48990562
657481415
2052707440
1490161480
1394842233
517101476
1077880971
25117748
1342163543
1555821389
1441122896
1537581832
1298882871
399296555
975789127
1394259551
1739408373
1669429868
1740836155
1414880526
1701482297
2145055992
1429283417
503595653
1334440679
438222901
1294736198
687989683
1074036530
1568775707
240841144
1123027092
78773474
146064936
465704924
1473615707
663166412
1543585895
1498733456
2005329955
951923636
792372704
1395428139
103322859
1191669259
223733618
1497582410
783593984
1893163486
1090934917
50990862
1447162136
1088507262
1480274279
1950757789
275464293
1918497181
1098010340
963453976
845050063
519302399
1204295120
1968077155
598075873
1350360056
286298431
2071691580
2013526468
1829884326
1422941388
1871372775
634324314
67830444
1119317266
737647173
1259499703
1343050885
87745936
2043093688
1088730723
1178680853
2094084550
388409211
119704467
1426875182
191683353
395168760
1197888715
1289693693
1358622736
2042938778
1808996092
415434208
1863532285
259588317
1765794264
2347068
183796249
1631837084
1832231394
1606737638
1355726211
319072060
1674568082
327559830
1056719233
786584138
1670610715
1144465169
682194178
611857790
175662375
628795080
1000267002
295366842
2055670262
1191950355
690535603
1106075329
334160400
2049158339
1001530459
2143156492
317108900
717579096
255261161
2082903164
719926164
439057410
1567256601
404673910
2045795048
775499164
723745970
1572879483
1103058994
1780465204
211979973
626186061
777446725
894174151
1238043852
953109100
1522969231
90827206
1248475943
1431155846
1282777561
1939011546
389747527
1616937961
1840686237
1391277987
1612610805
10311489
2108857083
1867871966
2093214654
681299600
159445728
1512987607
1085973510
57757129
141003123
1809719481
1630636612
1244062118
1442701037
1842616585
1870248179
72664114
589307088
960808383
1025773215
2112276319
1051635589
126765510
1395948517
186929502
2065777056
1785696045
1803867463
1758979645
1029490384
1268994620
1769291135
990863819
989382938
1715022141
1672163419
1148828667
1080526100
610653282
1206585796
1221529223
272889115
689738760
318107693
1715590152
384871697
40872225
1788254266
974178785
1001680608
666543833
938971456
2053316198
793309343
187436326
92762052
711602751
1973132371
1896629516
323098749
855139107
1018140488
2092389884
1846002926
2007523427
1659928377
1370682698
1008868446
592970829
1981335980
67970594
1814500052
106741447
757709354
2132607746
1822331599
1142581051
25996323
1463102217
2116759836
1027676931
2129646051
908247644
933509481
775471746
1095683970
1026271534
1487074498
921332693
775417402
1810173247
1776471800
1793557890
1755079483
1474991079
1653597669
1267524212
698190129
514982467
1860495041
532042461
582953061
1527511445
638783908
1340662415
1512635543
313631859
335759818
1538631866
1776734076
305036006
418825150
1758896479
1213283651
1352334631
386884578
161483973
231122517
1873959076
1082816667
1006539919
1536648675
711804819
652614162
1144244510
39312250
158728183
264285074
737502379
673710651
2124780115
1269544840
1256663712
1504807912
1908328748
449842480
869959808
74476959
785602298
261108026
1851211036
1090638305
679933176
1462623867
156438308
2032267808
1849508445
317922281
115906677
1575983873
1400738948
1122446597
965148900
2112543768
1775060759
2109393410
4372370
1933788942
226194836
741874750
460015945
203491303
2011419590
1716679658
1708299216
1772264691
19038490
430775376
1846741650
804640788
691883402
1550469038
1895279093
1371816579
865609258
2051717401
1256600739
567634055
222156035
1372507416
2143617929
1622894983
347470365
961283181
1587955103
2122531124
923192944
1592327474
1908836419
1149387780
186718576
221368716
1352879084
50654518
1938048374
913694652
1822919209
1957086864
1344470028
1522177212
614244005
2036353430
925162602
362039450
1260686361
1790771860
266273204
369803452
210922268
488429239
1742310869
207056549
2111324222
2089781234
1168339730
1551795678
2064828711
2091532674
996639504
1826181482
1093436807
1183358080
2047550198
298832243
1234012598
1838114925
1212526895
909448160
1647718141
409513275
284141724
114478498
298383057
1209304326
476517949
1559069419
852592539
742791153
1928872871
1063514807
1231220392
1523700092
1270571356
1195060966
1465997679
291427438
599372996
1383342742
235476465
1596012500
1062040576
1328913272
631886932
962107126
1627745515
1865899531
652738403
692788762
627864043
152972897
1102302037
912005767
267451395
1400685094
2121310093
743969344
812270865
826418984
1486760497
593660089
1889933791
570497241
2117360181
1013021499
1765558208
1435874212
1304448938
217447556
671733306
1539925403
1813460057
1733773882
721355027
297863341
548397361
201616894
16279224
1201135764
894405656
644143267
1354108661
1996707693
1556149034
1621560057
1249909139
1529975480
218045753
2062180005
208910816
1704806251
508356446
2098844608
127819844
478232979
964382459
1893378052
1914107192
121347749
2110825609
438356850
1661273152
1776802018
24647085
235144531
2074665359
573044446
436761425
2090944584
1774180210
1331167081
587604203
980805224
1180391126
2143753238
454881633
282816618
1526245070
672927386
197512975
1735155886
230249989
705869421
1686516846
358069834
1184102400
503415658
103964238
950725944
624763407
67306199
1389082795
138552912
1844108217
1413729880
373697443
1771289929
1986774326
810458869
1714750865
1613470888
2141625950
154871420
446792464
1174533429
151141010
901674097
1457350047
1677386080
1574601484
1654863022
1265058319
1804851473
213248795
804091517
15437659
1397351195
1307507175
119401898
200593492
1932270583
186708097
1589676287
2070823495
2030816315
855922519
297037290
1654622596
695213197
1107496159
1221889813
161200437
1101638462
1376761233
607992902
128688243
1527902244
1509666999
1586038290
1057804676
936784835
1093417664
175379347
594152661
1306666459
979470865
609590320
556534006
139494392
728992218
757127498
2071764975
915700316
199320137
1995104822
799032983
1055242656
144658465
306171931
1750455853
1252154624
1528061744
1911656291
206309438
757339329
372165545
334997681
137757925
1881832544
1921035971
1195562602
671133732
866969987
1370941949
1265286393
26152798
202929166
1874876713
582686805
342423559
456385284
1339814303
266704886
1372085600
1539134441
114326061
23634935
446893449
258984526
329806866
49865655
1511139150
1857868610
1961521946
1717448589
467724291
186203843
2052446270
605482217
2068036387
1825998594
1801044819
591686471
545484933
1024503120
1856972864
571637732
1227432287
1584365930
1154324537
1569855846
2040751214
346655192
1836560732
1265353166
1885789633
1950886793
1288988101
185199435
62387671
1618794967
235065090
1573526822
1329179929
49103388
1143491763
1796904220
235307231
1048454385
254902789
155859970
726969331
2055947608
747546442
1272454265
932967081
457035658
1844091997
12915720
2041401588
850932886
1582771566
1934669154
1197588078
1271848650
1052538672
935894064
1075251796
194043125
1121093499
1137639467
1812838092
1356158589
563682641
994534373
1405261977
1707174404
643954946
1640569208
608145142
898857735
1796429178
1335114473
807321696
396491972
460085090
1740288777
853527631
156693439
1753204497
747445571
1007626325
1188492415
534631078
57730756
312857417
1587169750
993624820
1388109213
1781212876
2114718319
378265033
1446567320
1323393260
941947674
293618046
581171589
501638431
937572992
74257149
1109783573
1836430727
1870686327
297414398
496268775
119694652
757499489
89073904
973222283
914192928
1842278401
1720667854
1921819254
883287168
107815284
1979550010
1196144586
1694985035
825691182
436770151
1328714263
792925853
815035184
627797935
2116319113
1756982859
921415981
550007054
111137642
1858988973
624264203
1220921215
1547936053
347466882
1518335613
2044204828
467161534
128351454
2133278733
1440383817
1042544383
1828073486
1013568024
816879989
563877007
1121383308
648946351
1760021593
668884695
1474637533
49308096
1997598958
120079738
864343281
477913246
88915203
473842492
1399329227
638922257
584980134
1110834553
1263186460
1805901349
511286958
1610653342
1176753314
408008138
2077814877
1305104769
393803223
1370715046
200165504
74393062
236799422
1017045493
638270069
1358182731
1665991844
250808014
2027067426
993145729
300116110
1877182737
1113225467
1164459391
207612335
1202140670
1638301883
1606941562
1841062927
75798369
570292467
956765739
1881699718
1081579425
419935433
910969385
1489587564
350266662
68590506
1883390787
1720981709
268756010
1957783849
1957781131
1285801503
448570270
1168480214
804309699
699378284
1048063993
1797455428
999494395
777763082
763197247
16470138
985375417
1965337917
1654772022
444833331
1658917196
1730570391
1015125799
468199287
1464786462
2096705224
888134720
228272199
1438809140
1238401383
296862705
1174716280
811899444
565618715
985016481
622196927
1851420218
1433586752
1790677142
508246269
2132965036
691257487
158218049
984975783
1469020569
921415296
1001445922
306912338
739269565
508734296
751745669
250703113
91821039
1766871468
718902400
1556607501
1716093045
1607037120
1784879700
1007418537
697954855
2081742405
34651169
1509854299
499877472
1019667651
2132051227
203814042
305770755
1775244721
712060311
291252143
319018560
870278360
1276227927
1788039129
1791693656
130190201
2094951467
383479573
638924497
699213488
634182686
730745536
318601309
1353085086
139869390
2034694354
812638559
1924749090
894629243
1510593414
1859007848
929280413
872964066
211401672
1948948064
857531645
415215715
107235171
485292718
1127276026
398487314
804311278
1997554387
1674715241
444866759
1641764395
1804905442
392334578
2025243969
296346291
1091548066
511943007
1027091828
1410149375
1865028094
1166961218
1297360081
530183005
944226660
44505677
2040776419
655750860
973786090
766256837
867152533
775250506
1623788482
1282368248
882485677
2109081200
262160626
1280972991
765908830
112231365
808204585
1210775589
1753995761
465626379
1603110167
1631756082
761972671
547174586
2143699089
1789064499
1957323961
1861243535
808542069
1107200395
243942892
1752768729
1151706072
137235664
261035942
2125492162
903492501
1128188475
753259020
379797336
263073075
1635744697
341394888
525233701
769234040
1107303719
637465067
1577438625
170595660
243977180
2043065005
1773705828
1875733262
657554028
173396766
1871948703
299134879
2130720727
1585708591
1107676948
1090437474
1829651483
712962029
94659898
1966887147
973997971
72668412
722896001
2102186446
825927432
1102693337
217775873
314188481
1444088225
743009575
1083422522
403908296
1380474642
513377499
574503957
1624451822
408958856
200726137
1352701436
1066512884
374122903
1077166491
1365647763
357359982
515391434
325841063
1447797457
197559270
1038803093
1542457355
16962769
2012801064
